25 100
3
100 10
1 1 1 1 1 1 1 1 1 1
1 0 0 0 1 0 1 0 0 1
1 1 0 0 0 0 0 0 0 1
1 0 0 1 1 1 0 1 1 1
1 0 0 0 0 0 0 0 0 1
1 1 1 1 1 1 0 1 1 1
1 0 0 0 0 0 0 0 0 1
1 1 1 1 0 1 0 1 0 1
1 0 0 0 0 1 0 0 0 1
1 1 1 1 1 1 1 1 1 1
200 2 7 1 6 1 20
200 4 7 1 2 8 13
4
100 10
1 1 1 1 1 1 1 1 1 1 
1 1 0 0 0 0 0 0 1 1 
1 1 1 0 1 0 1 0 0 1 
1 0 0 1 1 0 1 0 0 1 
1 0 0 1 0 0 0 0 1 1 
1 1 0 0 0 0 0 0 0 1 
1 0 0 0 0 0 0 0 0 1 
1 0 1 0 0 0 0 1 1 1 
1 0 1 1 1 0 1 1 1 1 
1 1 1 1 1 1 1 1 1 1 
200 5 7 0 4 4 4
200 6 7 1 1 2 10
200 6 2 3 1 7 10
4
100 11
1 1 1 1 1 1 1 1 1 1 1 
1 0 0 0 1 1 1 1 0 0 1 
1 0 0 0 1 0 0 0 0 1 1 
1 1 0 0 0 0 0 0 0 1 1 
1 0 0 0 0 1 0 1 0 0 1 
1 1 0 0 0 0 1 1 0 0 1 
1 1 0 0 0 0 1 0 0 0 1 
1 0 0 0 1 0 1 0 1 0 1 
1 1 1 0 0 0 0 0 0 0 1 
1 1 1 0 0 1 0 1 1 0 1 
1 1 1 1 1 1 1 1 1 1 1 
200 5 2 1 7 9 15
200 7 5 2 2 1 11
200 7 5 0 6 8 16
4
100 12
1 1 1 1 1 1 1 1 1 1 1 1 
1 0 0 0 0 0 0 1 0 1 0 1 
1 0 0 1 0 1 1 1 0 0 0 1 
1 0 0 0 0 0 1 1 0 1 0 1 
1 1 0 1 1 0 0 0 0 0 0 1 
1 0 0 1 0 0 0 1 0 1 1 1 
1 0 0 0 0 1 0 0 0 0 0 1 
1 0 0 0 0 1 0 1 1 0 0 1 
1 0 0 0 0 0 0 0 0 0 0 1 
1 0 1 0 1 0 0 1 0 0 0 1 
1 0 1 1 1 0 0 1 1 1 0 1 
1 1 1 1 1 1 1 1 1 1 1 1 
200 3 8 2 7 10 12
200 2 4 2 9 6 13
200 4 8 2 10 1 15
4
100 13
1 1 1 1 1 1 1 1 1 1 1 1 1 
1 1 1 1 0 0 1 0 1 0 0 0 1 
1 1 0 0 0 1 0 0 0 0 0 0 1 
1 0 0 0 0 1 1 1 0 0 0 1 1 
1 0 1 0 0 0 0 1 1 1 0 0 1 
1 1 1 0 0 1 1 1 0 0 0 0 1 
1 1 0 1 0 0 1 0 0 0 0 0 1 
1 0 0 0 0 0 0 0 1 0 0 1 1 
1 0 0 1 0 1 0 1 0 0 0 0 1 
1 0 1 1 0 1 0 0 0 0 0 0 1 
1 0 0 0 1 0 0 0 1 0 0 0 1 
1 1 0 0 0 0 1 0 1 0 0 1 1 
1 1 1 1 1 1 1 1 1 1 1 1 1 
200 2 9 1 8 4 17
200 4 10 2 8 4 18
200 6 8 3 6 2 14
4
100 14
1 1 1 1 1 1 1 1 1 1 1 1 1 1 
1 1 0 0 0 0 0 0 1 0 1 0 0 1 
1 1 0 1 0 0 0 1 0 0 0 0 0 1 
1 1 0 1 0 0 1 1 0 1 1 0 0 1 
1 0 0 0 0 0 0 1 0 0 0 0 0 1 
1 1 0 0 0 0 0 1 0 0 1 0 1 1 
1 0 0 0 0 0 0 0 0 0 1 0 1 1 
1 1 0 1 1 0 0 1 1 1 1 0 0 1 
1 0 0 0 1 0 0 0 0 0 0 0 1 1 
1 0 1 0 1 0 1 0 1 0 0 0 1 1 
1 0 0 1 1 0 1 0 0 0 1 0 0 1 
1 0 0 0 1 1 1 0 0 0 0 0 0 1 
1 0 1 0 0 0 1 1 0 1 0 0 0 1 
1 1 1 1 1 1 1 1 1 1 1 1 1 1 
200 9 10 0 6 4 15
200 5 6 0 2 10 15
200 8 11 0 1 7 19
4
100 15
1 1 1 1 1 1 1 1 1 1 1 1 1 1 1 
1 0 1 0 0 1 0 0 0 0 0 0 0 0 1 
1 0 0 1 0 0 0 0 0 0 0 0 0 0 1 
1 0 0 0 0 0 1 0 0 1 0 0 1 0 1 
1 0 0 1 0 0 1 0 1 1 1 1 1 1 1 
1 0 0 0 0 1 0 0 1 0 1 0 1 0 1 
1 0 0 0 0 0 0 0 0 0 1 0 0 0 1 
1 0 1 0 0 0 0 0 0 1 0 0 0 1 1 
1 1 0 0 0 0 0 0 1 0 0 1 0 1 1 
1 1 0 0 0 1 1 0 0 0 0 1 0 0 1 
1 0 0 0 1 1 0 1 0 1 1 1 1 1 1 
1 1 0 0 0 0 0 0 0 0 0 0 0 1 1 
1 1 0 0 1 0 1 1 0 1 0 0 0 0 1 
1 0 0 0 1 0 0 0 0 0 0 1 0 1 1 
1 1 1 1 1 1 1 1 1 1 1 1 1 1 1 
200 10 8 0 2 8 20
200 11 8 2 2 4 15
200 2 12 3 11 6 21
5
100 15
1 1 1 1 1 1 1 1 1 1 1 1 1 1 1 
1 1 1 0 0 0 0 1 1 0 0 0 0 0 1 
1 1 1 0 0 0 1 1 1 0 0 0 0 0 1 
1 0 0 0 0 0 0 1 1 1 0 0 0 0 1 
1 0 1 0 1 0 1 0 0 1 1 1 1 0 1 
1 1 0 0 1 1 1 0 0 0 0 0 0 0 1 
1 0 0 0 1 0 0 0 0 0 1 0 0 1 1 
1 0 0 0 0 0 0 0 1 1 0 0 1 1 1 
1 0 1 0 0 0 0 1 0 0 0 0 0 1 1 
1 0 1 0 0 0 1 1 0 0 0 1 0 1 1 
1 0 0 1 1 0 0 1 0 0 0 0 0 0 1 
1 0 1 0 0 0 0 0 0 0 1 0 0 0 1 
1 0 0 1 0 0 1 0 0 0 0 0 0 1 1 
1 1 0 0 0 1 1 0 0 0 0 1 0 1 1 
1 1 1 1 1 1 1 1 1 1 1 1 1 1 1 
200 8 11 0 7 7 15
200 7 3 0 10 13 15
200 11 11 2 11 1 20
200 12 9 3 3 2 18
5
100 16
1 1 1 1 1 1 1 1 1 1 1 1 1 1 1 1 
1 0 0 1 0 0 1 0 0 0 0 0 0 0 1 1 
1 0 0 0 0 0 0 0 0 0 0 0 0 0 0 1 
1 0 0 0 1 0 0 0 0 0 0 1 1 1 0 1 
1 1 0 0 1 0 0 1 1 0 0 0 0 1 0 1 
1 1 0 0 0 1 1 1 1 0 0 0 0 1 1 1 
1 0 0 1 0 0 1 0 1 0 0 1 0 0 0 1 
1 0 1 0 1 0 1 0 0 1 0 0 0 0 0 1 
1 0 0 0 0 0 0 0 0 0 0 1 0 0 0 1 
1 1 1 0 0 0 0 1 0 0 0 0 1 0 0 1 
1 1 1 0 1 1 0 1 1 0 0 0 1 1 0 1 
1 1 0 0 0 0 1 0 0 0 1 0 0 1 0 1 
1 0 0 0 1 0 1 0 0 0 0 1 1 0 0 1 
1 0 0 1 0 0 0 0 0 1 0 0 0 0 1 1 
1 0 0 1 1 0 0 1 1 1 0 0 0 0 0 1 
1 1 1 1 1 1 1 1 1 1 1 1 1 1 1 1 
200 8 13 2 1 1 19
200 7 5 2 2 3 19
200 9 9 3 3 1 18
200 12 9 1 1 1 23
5
100 17
1 1 1 1 1 1 1 1 1 1 1 1 1 1 1 1 1 
1 1 0 0 0 0 0 0 0 0 1 1 0 0 1 0 1 
1 0 0 1 1 1 0 0 0 0 0 0 0 0 0 0 1 
1 0 0 0 0 1 1 0 0 0 1 0 0 0 1 0 1 
1 1 0 0 1 0 1 0 1 0 0 1 0 0 0 0 1 
1 0 0 1 0 0 0 0 0 1 0 0 1 0 0 0 1 
1 0 0 0 0 1 1 0 0 0 0 0 1 0 0 0 1 
1 0 0 0 1 0 1 0 1 1 1 0 0 1 1 0 1 
1 0 1 0 0 0 0 0 0 0 0 0 0 0 1 0 1 
1 1 0 0 0 0 0 1 0 0 0 0 1 1 0 0 1 
1 0 0 1 0 0 0 0 1 1 0 0 0 1 0 1 1 
1 0 1 0 0 1 0 0 1 1 1 1 0 1 1 1 1 
1 0 0 0 0 1 0 0 0 0 0 0 0 0 0 0 1 
1 0 0 0 0 1 0 1 0 1 0 0 0 0 0 0 1 
1 0 1 0 0 1 0 1 0 0 0 0 0 1 0 0 1 
1 1 0 0 0 0 0 0 0 0 1 0 0 0 0 0 1 
1 1 1 1 1 1 1 1 1 1 1 1 1 1 1 1 1 
200 4 13 0 3 4 26
200 4 13 1 12 4 23
200 4 13 3 14 4 25
200 6 10 0 14 6 18
5
100 18
1 1 1 1 1 1 1 1 1 1 1 1 1 1 1 1 1 1 
1 0 0 0 0 0 0 1 0 0 1 0 0 0 0 0 0 1 
1 1 0 0 0 0 0 0 0 1 0 0 1 0 1 1 1 1 
1 0 1 0 0 0 0 0 0 0 1 0 0 1 0 0 0 1 
1 0 0 0 0 0 1 1 0 0 1 1 0 0 1 0 0 1 
1 0 0 1 0 1 0 0 0 0 0 0 0 1 0 0 0 1 
1 0 0 0 0 0 1 0 1 0 0 1 1 0 0 1 0 1 
1 1 0 0 0 1 0 0 0 0 0 0 1 0 0 1 1 1 
1 1 0 1 0 0 1 1 0 1 1 0 1 0 0 0 1 1 
1 0 0 0 0 1 0 1 0 0 0 0 0 0 0 1 1 1 
1 0 1 0 0 0 0 0 1 1 0 0 1 0 0 1 1 1 
1 0 0 0 0 1 0 0 0 0 1 0 0 1 0 0 0 1 
1 0 0 1 0 0 1 0 1 1 1 0 0 0 1 0 0 1 
1 1 1 0 1 0 0 1 0 0 0 1 1 0 1 0 0 1 
1 0 0 0 0 0 1 0 0 1 0 0 1 1 0 1 0 1 
1 0 0 1 1 0 0 0 0 0 0 1 0 0 0 0 0 1 
1 0 1 0 0 0 0 0 0 0 0 0 0 1 0 1 0 1 
1 1 1 1 1 1 1 1 1 1 1 1 1 1 1 1 1 1 
200 9 2 1 7 8 18
200 10 4 1 5 12 19
200 10 6 1 4 9 19
200 11 2 2 7 6 22
5
100 19
1 1 1 1 1 1 1 1 1 1 1 1 1 1 1 1 1 1 1 
1 1 0 1 0 1 0 1 1 0 1 0 0 0 0 0 0 0 1 
1 1 0 0 0 0 0 1 1 0 0 0 0 0 0 0 0 0 1 
1 0 0 0 1 0 0 1 0 0 1 0 1 0 0 0 1 1 1 
1 0 0 0 0 0 0 1 1 1 1 0 1 1 1 0 0 0 1 
1 0 1 1 0 0 0 0 0 0 0 0 0 0 0 0 0 1 1 
1 0 0 1 1 1 1 0 0 0 0 0 1 0 0 0 0 0 1 
1 0 1 1 0 0 0 0 0 1 0 1 0 0 0 1 0 1 1 
1 1 0 0 0 0 0 0 0 1 0 0 0 0 0 0 0 0 1 
1 0 0 0 0 0 0 0 0 0 0 1 0 1 0 1 0 0 1 
1 0 1 0 1 0 0 0 0 1 0 0 0 1 1 1 0 0 1 
1 0 1 0 1 0 1 0 1 1 1 0 0 1 1 0 0 0 1 
1 0 1 0 0 1 0 0 0 1 0 1 0 0 1 1 0 1 1 
1 0 1 0 0 0 1 0 0 0 0 1 0 0 0 0 1 1 1 
1 0 0 1 0 0 0 0 0 0 1 0 0 1 1 0 0 1 1 
1 0 1 0 1 0 0 0 0 0 1 0 1 0 0 0 0 0 1 
1 1 1 0 1 0 1 0 0 0 0 0 0 0 0 0 1 0 1 
1 0 0 0 0 0 0 1 0 0 0 1 0 0 0 0 1 1 1 
1 1 1 1 1 1 1 1 1 1 1 1 1 1 1 1 1 1 1 
200 16 13 0 5 14 24
200 3 5 0 9 12 19
200 13 12 0 17 10 26
200 8 16 2 17 14 29
5
100 20
1 1 1 1 1 1 1 1 1 1 1 1 1 1 1 1 1 1 1 1 
1 1 0 1 0 0 0 1 1 0 1 0 0 0 1 0 0 1 0 1 
1 0 0 0 0 0 0 0 0 0 0 0 0 1 0 1 0 0 0 1 
1 0 0 0 1 0 0 0 0 1 0 0 0 0 0 0 0 0 0 1 
1 1 0 1 0 0 0 0 0 1 1 0 1 0 0 0 1 0 0 1 
1 1 0 1 0 0 0 1 1 1 1 0 0 0 0 0 0 0 0 1 
1 1 1 1 1 0 1 1 0 1 0 0 0 0 0 0 0 1 0 1 
1 0 0 0 0 0 0 0 0 0 0 0 0 0 0 0 0 0 0 1 
1 0 0 0 0 1 1 0 1 0 0 0 1 1 0 0 0 0 0 1 
1 0 0 0 0 1 0 1 0 0 1 0 1 1 1 0 1 1 1 1 
1 0 0 1 1 0 0 0 1 0 0 1 0 0 1 0 0 1 0 1 
1 1 1 1 0 1 0 0 1 0 0 0 1 0 1 0 0 0 0 1 
1 1 1 0 0 0 0 0 0 0 0 0 0 0 1 0 0 0 0 1 
1 1 0 0 0 0 0 1 0 0 0 0 0 0 0 0 0 1 1 1 
1 0 0 1 0 0 0 1 1 0 0 1 0 0 0 0 1 0 0 1 
1 0 1 1 1 0 0 0 0 0 0 1 1 1 0 0 0 0 0 1 
1 0 0 1 1 0 1 1 1 0 1 1 0 0 0 0 1 0 1 1 
1 0 0 1 0 0 1 0 0 0 0 0 1 0 0 0 0 0 0 1 
1 0 0 1 0 0 1 0 0 0 0 0 1 0 0 0 0 0 0 1 
1 1 1 1 1 1 1 1 1 1 1 1 1 1 1 1 1 1 1 1 
200 15 15 2 4 4 26
200 3 5 0 15 16 25
200 14 5 3 5 6 26
200 8 2 1 17 14 25
5
100 20
1 1 1 1 1 1 1 1 1 1 1 1 1 1 1 1 1 1 1 1 
1 1 0 0 0 0 1 0 0 0 0 0 0 0 0 1 0 0 0 1 
1 1 0 0 0 0 0 0 0 0 0 1 1 0 0 1 0 1 1 1 
1 0 1 0 0 1 0 0 0 0 1 0 1 0 1 0 0 0 0 1 
1 0 0 0 0 0 0 0 1 0 0 0 0 0 0 0 0 1 0 1 
1 0 0 1 0 1 0 0 0 0 0 0 1 0 0 0 1 0 0 1 
1 0 1 1 1 1 1 1 0 0 0 0 0 0 0 1 0 0 0 1 
1 1 0 0 0 0 0 0 0 0 1 0 0 0 0 0 0 0 0 1 
1 0 0 0 0 0 0 0 0 0 0 0 0 1 0 0 0 0 0 1 
1 1 0 0 1 1 1 0 0 1 0 0 0 0 0 1 0 1 0 1 
1 0 0 0 0 0 0 0 1 1 0 0 0 0 1 0 0 0 0 1 
1 0 0 0 1 0 0 0 0 0 1 1 0 1 1 0 0 0 0 1 
1 1 0 1 1 0 0 0 1 0 0 1 0 0 0 0 0 0 1 1 
1 0 0 0 1 1 0 0 0 1 0 1 1 0 0 1 0 0 1 1 
1 1 0 1 0 0 0 0 1 1 1 1 1 0 0 1 1 0 1 1 
1 0 1 0 0 0 0 0 1 1 0 0 0 0 0 0 1 1 0 1 
1 0 0 0 0 1 0 1 0 1 0 0 0 0 0 0 0 0 0 1 
1 1 0 0 0 0 0 0 0 0 0 0 0 1 1 0 1 0 1 1 
1 1 1 0 1 0 0 0 0 1 0 1 0 1 0 0 0 0 0 1 
1 1 1 1 1 1 1 1 1 1 1 1 1 1 1 1 1 1 1 1 
200 8 4 0 3 1 22
200 17 10 0 3 8 24
200 16 15 1 3 1 39
200 16 15 1 7 9 23
6
100 21
1 1 1 1 1 1 1 1 1 1 1 1 1 1 1 1 1 1 1 1 1 
1 0 1 1 0 0 0 0 0 1 1 0 1 1 0 0 0 0 0 0 1 
1 0 1 1 0 0 0 1 0 0 1 0 0 1 0 0 1 0 1 0 1 
1 0 0 0 0 1 0 1 1 0 0 0 1 1 1 0 0 1 0 1 1 
1 0 1 0 0 0 1 0 0 0 0 0 0 0 0 0 1 0 0 0 1 
1 0 0 0 0 0 0 0 1 0 0 1 0 0 0 0 0 0 1 0 1 
1 0 0 1 0 0 0 0 1 0 0 0 0 0 0 0 0 1 1 0 1 
1 0 1 0 0 0 0 0 0 0 0 0 0 0 0 0 0 0 0 0 1 
1 0 0 1 0 0 1 1 1 0 0 0 0 0 0 0 0 0 0 1 1 
1 1 0 1 0 1 0 0 0 0 0 0 0 0 1 0 0 0 1 0 1 
1 0 0 0 0 1 0 1 1 1 0 0 0 0 0 0 0 0 0 0 1 
1 0 0 0 0 1 0 0 1 0 1 1 1 0 1 0 1 0 0 0 1 
1 0 0 1 0 0 0 0 0 0 0 0 0 0 1 0 0 0 1 0 1 
1 1 0 1 0 0 1 0 0 0 0 1 1 1 0 0 0 1 1 0 1 
1 0 0 1 0 0 1 1 1 1 0 0 1 0 0 0 1 0 0 0 1 
1 0 0 1 0 0 1 0 0 1 0 0 0 1 0 0 0 0 0 0 1 
1 0 0 0 0 1 0 0 0 0 1 1 0 0 0 0 1 0 0 0 1 
1 0 0 1 0 0 1 0 0 1 0 0 0 1 1 1 1 1 0 1 1 
1 1 0 0 1 0 0 0 1 0 0 0 0 0 0 1 0 0 0 0 1 
1 0 0 1 0 0 0 1 1 0 0 0 0 0 1 0 0 0 0 0 1 
1 1 1 1 1 1 1 1 1 1 1 1 1 1 1 1 1 1 1 1 1 
200 12 4 1 18 13 35
200 7 8 3 18 12 21
200 13 5 0 9 16 25
200 14 2 0 12 17 31
200 12 8 2 5 16 27
6
100 22
1 1 1 1 1 1 1 1 1 1 1 1 1 1 1 1 1 1 1 1 1 1 
1 1 0 0 0 0 0 1 0 0 0 0 0 0 0 0 0 0 0 0 1 1 
1 0 0 0 0 0 0 1 0 1 0 0 0 0 0 0 0 0 1 0 1 1 
1 0 1 0 1 0 1 0 0 1 0 0 0 1 0 1 0 1 0 0 0 1 
1 0 0 0 0 1 0 1 1 0 0 0 0 0 0 1 0 0 0 0 0 1 
1 0 0 1 0 1 0 0 0 0 1 0 1 0 0 0 0 0 0 1 1 1 
1 0 1 0 0 0 1 0 0 1 1 0 0 0 1 0 1 0 0 0 0 1 
1 0 0 0 0 0 0 0 0 0 1 1 0 0 0 0 0 0 0 0 0 1 
1 1 0 1 1 0 1 0 0 0 0 0 1 0 1 1 1 0 1 1 0 1 
1 1 1 0 0 0 1 1 0 0 0 0 0 0 0 0 0 1 1 0 0 1 
1 0 0 1 0 0 0 1 1 0 0 0 0 0 0 0 1 0 0 1 1 1 
1 0 0 0 0 0 0 0 0 0 0 1 1 0 0 0 1 0 0 0 0 1 
1 0 0 0 0 0 0 1 0 1 1 0 0 0 0 0 0 0 0 1 1 1 
1 1 1 0 0 0 0 1 0 1 0 0 0 0 1 0 0 0 0 1 1 1 
1 0 0 0 1 0 1 0 0 0 1 0 1 1 0 0 0 0 1 1 1 1 
1 0 0 1 0 0 0 1 0 0 0 0 0 0 1 1 1 0 0 0 1 1 
1 0 1 1 0 0 1 0 0 0 0 0 0 0 1 0 0 0 1 1 0 1 
1 0 0 1 1 0 0 0 0 1 0 0 0 0 0 0 0 0 0 0 0 1 
1 1 0 0 0 1 0 0 1 1 0 1 0 1 1 0 1 0 1 0 0 1 
1 0 0 0 0 0 0 1 1 1 1 0 0 1 0 1 1 0 0 0 1 1 
1 0 1 0 0 1 0 0 0 0 0 0 0 0 0 1 1 1 1 0 0 1 
1 1 1 1 1 1 1 1 1 1 1 1 1 1 1 1 1 1 1 1 1 1 
200 5 17 0 14 8 34
200 7 3 0 6 19 25
200 5 15 1 18 12 26
200 15 8 2 2 11 32
200 18 17 0 1 13 23
6
100 23
1 1 1 1 1 1 1 1 1 1 1 1 1 1 1 1 1 1 1 1 1 1 1 
1 0 0 0 0 0 0 1 0 0 0 1 0 1 0 0 1 1 0 0 0 1 1 
1 0 1 0 0 1 0 1 0 0 0 1 0 0 0 0 0 0 1 0 0 0 1 
1 1 1 0 0 1 0 0 0 1 1 0 1 1 0 0 0 0 0 0 0 1 1 
1 0 0 1 0 0 0 1 0 0 0 0 0 0 1 0 0 1 0 0 0 0 1 
1 0 0 1 1 0 0 0 0 1 0 0 0 1 0 1 0 0 1 0 0 1 1 
1 0 0 0 1 0 0 0 1 1 0 0 1 0 0 1 1 0 0 1 0 0 1 
1 1 1 0 0 0 0 1 0 0 1 1 1 0 0 0 0 1 1 1 0 0 1 
1 0 0 1 0 0 0 1 0 1 1 1 0 0 0 0 0 0 0 0 0 0 1 
1 0 1 0 0 0 0 0 0 0 0 0 0 0 0 1 0 0 0 1 0 1 1 
1 0 0 1 0 1 0 0 0 0 0 1 0 0 0 0 0 0 0 0 0 0 1 
1 1 0 0 0 0 0 0 0 1 0 0 0 0 0 0 0 0 0 0 0 0 1 
1 1 0 1 1 0 0 1 0 0 1 1 0 1 0 1 0 0 0 0 0 0 1 
1 1 0 0 0 0 1 1 0 0 1 0 0 0 1 0 1 0 1 0 1 1 1 
1 1 0 1 1 1 0 0 0 0 1 0 1 0 1 0 1 0 0 1 0 0 1 
1 0 0 0 0 0 0 0 0 0 0 1 0 0 1 0 0 0 0 0 0 0 1 
1 1 0 0 1 1 0 0 0 1 0 0 1 0 1 0 1 0 1 1 0 1 1 
1 1 1 0 0 0 1 0 0 1 0 0 1 0 0 0 0 0 0 0 0 0 1 
1 0 0 0 0 0 0 0 0 0 0 0 1 0 1 1 0 1 0 0 1 0 1 
1 0 0 0 0 0 1 0 0 1 0 0 0 0 1 0 1 0 0 0 1 0 1 
1 0 0 0 0 0 0 0 1 0 0 0 0 0 0 0 0 1 1 0 1 1 1 
1 0 0 0 0 0 1 0 0 0 1 0 0 0 0 0 0 0 1 0 0 1 1 
1 1 1 1 1 1 1 1 1 1 1 1 1 1 1 1 1 1 1 1 1 1 1 
200 8 18 1 18 6 26
200 7 15 2 21 12 23
200 7 4 3 14 20 25
200 8 18 1 20 9 23
200 15 13 0 9 10 23
6
100 24
1 1 1 1 1 1 1 1 1 1 1 1 1 1 1 1 1 1 1 1 1 1 1 1 
1 0 0 1 0 0 0 0 0 0 0 0 0 0 0 0 1 0 0 0 1 0 0 1 
1 0 0 0 0 0 0 0 0 1 0 1 0 0 0 0 0 0 0 0 1 0 1 1 
1 0 0 0 0 0 1 0 1 1 0 0 0 0 0 1 0 1 1 0 0 0 0 1 
1 1 0 1 1 0 0 0 0 1 1 0 0 1 0 0 0 0 0 0 0 0 1 1 
1 0 0 0 0 0 0 0 0 0 0 0 1 0 1 0 0 0 0 0 1 0 0 1 
1 0 1 1 1 0 1 0 0 1 0 0 0 0 1 1 0 1 0 1 1 1 0 1 
1 0 0 1 0 0 0 1 0 1 0 0 0 0 0 0 1 0 0 0 0 0 1 1 
1 0 0 0 0 0 0 0 0 0 0 1 1 0 0 0 0 0 1 1 0 1 1 1 
1 0 1 0 0 0 0 0 0 0 0 0 0 1 0 1 1 0 0 0 0 0 1 1 
1 1 0 0 0 0 0 0 0 0 0 0 1 0 0 0 0 1 0 1 1 0 1 1 
1 0 0 0 1 1 0 0 0 0 0 0 0 0 0 0 0 1 1 0 1 0 0 1 
1 0 0 0 0 0 0 0 0 0 1 0 0 1 0 1 0 0 1 0 1 1 1 1 
1 0 0 0 0 0 1 0 1 1 1 0 0 0 1 1 1 0 0 0 0 0 1 1 
1 0 0 0 1 1 1 1 0 1 1 0 0 0 0 0 0 1 0 0 1 1 0 1 
1 1 0 0 0 1 0 0 0 0 1 0 0 0 0 0 0 1 0 0 0 0 0 1 
1 0 0 0 0 1 0 0 0 1 0 0 0 1 1 0 1 1 1 0 0 0 0 1 
1 1 0 1 0 1 0 0 1 1 1 1 0 0 0 1 0 0 1 0 1 0 0 1 
1 1 0 0 0 0 0 1 0 0 0 0 1 0 0 0 1 0 0 0 0 0 0 1 
1 0 0 0 1 1 0 0 1 0 1 0 0 0 0 0 0 1 0 0 1 0 0 1 
1 0 0 0 0 0 1 0 1 0 1 1 0 0 1 1 0 1 0 0 0 1 0 1 
1 0 0 0 1 0 0 0 1 0 0 1 0 0 1 1 0 0 1 1 0 0 0 1 
1 1 0 0 0 0 0 0 0 1 0 0 0 0 1 0 0 0 0 0 0 0 0 1 
1 1 1 1 1 1 1 1 1 1 1 1 1 1 1 1 1 1 1 1 1 1 1 1 
200 19 3 0 7 11 26
200 16 4 2 2 1 27
200 19 2 1 6 12 25
200 18 3 2 2 17 32
200 8 6 1 5 18 27
6
100 25
1 1 1 1 1 1 1 1 1 1 1 1 1 1 1 1 1 1 1 1 1 1 1 1 1 
1 0 0 0 0 1 1 0 0 0 0 0 0 1 0 1 0 0 1 0 1 0 0 1 1 
1 0 0 0 0 0 0 0 1 0 0 0 0 1 0 1 1 0 0 0 0 0 0 0 1 
1 1 1 1 1 0 0 0 0 0 0 0 0 0 0 0 0 0 0 0 0 0 0 0 1 
1 1 0 1 1 0 1 0 1 0 1 0 1 0 0 0 0 0 1 1 0 1 0 0 1 
1 0 0 0 0 1 1 1 0 0 0 0 0 0 1 1 0 0 0 0 0 0 1 1 1 
1 0 1 0 0 0 0 0 0 1 0 0 0 1 0 0 0 0 0 0 0 0 1 0 1 
1 0 1 1 1 1 0 1 0 0 1 0 0 1 0 1 1 0 0 0 0 0 1 0 1 
1 0 1 0 0 0 1 0 0 0 0 1 1 0 0 1 0 0 0 1 0 0 1 0 1 
1 0 0 1 0 0 1 1 1 1 0 0 1 1 1 0 0 1 0 0 1 0 0 0 1 
1 0 1 0 0 1 0 1 0 0 1 0 0 0 0 0 0 0 1 0 0 0 1 1 1 
1 0 0 0 0 0 0 1 0 0 0 1 0 0 0 0 0 0 0 0 0 0 0 0 1 
1 0 0 0 0 1 0 0 0 0 0 0 1 1 0 1 0 1 0 0 1 0 1 0 1 
1 1 0 0 0 0 0 0 0 1 1 0 0 0 0 0 1 1 1 1 0 1 0 0 1 
1 0 1 0 0 0 1 1 1 0 1 0 0 1 0 1 1 1 0 1 0 1 0 0 1 
1 0 0 0 0 0 0 0 0 0 0 0 0 1 0 0 1 1 0 0 0 0 1 1 1 
1 0 0 0 0 0 0 0 0 0 1 1 0 0 0 0 0 0 0 0 1 0 1 0 1 
1 0 0 0 0 0 0 0 0 0 0 0 1 0 0 1 0 0 0 0 1 0 0 0 1 
1 0 0 0 1 0 0 0 1 0 1 0 1 0 0 0 0 0 0 1 1 0 0 1 1 
1 0 0 1 0 0 0 0 1 0 0 0 0 1 0 0 0 1 0 0 0 0 0 0 1 
1 1 0 1 0 0 0 1 1 0 0 0 0 0 0 0 0 0 1 1 0 0 0 0 1 
1 0 0 1 0 1 1 0 0 0 1 0 0 0 0 0 0 0 0 1 0 0 1 1 1 
1 0 1 1 0 1 0 0 0 0 0 0 1 0 0 1 0 1 0 0 0 0 0 0 1 
1 1 0 0 0 1 1 0 0 0 0 0 0 1 1 1 0 0 0 1 0 0 1 1 1 
1 1 1 1 1 1 1 1 1 1 1 1 1 1 1 1 1 1 1 1 1 1 1 1 1 
200 10 19 1 14 9 26
200 12 8 0 21 17 30
200 10 19 2 16 5 28
200 11 4 3 18 18 25
200 17 18 3 13 8 26
6
100 25
1 1 1 1 1 1 1 1 1 1 1 1 1 1 1 1 1 1 1 1 1 1 1 1 1 
1 0 1 0 0 0 0 1 0 0 0 0 0 0 0 0 0 0 1 1 0 0 1 0 1 
1 0 0 1 1 0 0 0 1 0 0 0 0 0 0 0 0 1 0 0 0 0 0 0 1 
1 1 0 0 0 0 1 1 0 0 0 1 0 1 0 0 1 1 1 1 1 0 0 0 1 
1 0 1 0 0 0 0 1 0 0 1 1 1 0 1 0 1 0 0 0 0 0 0 0 1 
1 0 0 0 0 0 0 0 1 0 0 1 1 0 0 0 0 0 0 0 1 1 0 0 1 
1 0 0 0 1 0 0 0 1 0 1 0 0 0 0 0 0 0 0 1 0 0 0 0 1 
1 0 0 0 0 0 0 1 0 0 0 0 0 0 0 0 0 1 0 1 0 1 0 0 1 
1 1 1 0 1 0 1 0 0 0 0 0 0 0 0 1 0 0 0 0 0 0 0 1 1 
1 0 0 1 1 0 1 1 0 0 1 0 0 0 0 0 0 0 0 0 1 0 0 0 1 
1 1 0 1 1 0 0 1 0 0 0 0 1 0 0 1 0 0 0 0 0 0 0 1 1 
1 1 0 0 0 0 1 0 1 1 0 0 0 0 0 0 0 0 0 0 0 1 0 0 1 
1 1 1 1 0 1 0 0 1 0 1 0 0 0 0 0 0 0 0 0 0 1 1 0 1 
1 0 0 0 0 1 0 0 1 0 0 0 0 1 0 0 0 0 1 0 1 0 0 0 1 
1 0 0 0 0 1 1 0 0 0 0 0 1 0 0 0 0 0 1 0 0 1 0 0 1 
1 1 1 1 0 0 1 0 0 0 0 1 0 0 0 0 0 0 0 1 0 0 0 1 1 
1 0 0 1 0 1 0 0 0 0 1 0 0 0 0 0 0 0 0 1 1 1 0 0 1 
1 0 0 0 0 0 1 1 0 1 0 1 0 1 0 0 0 0 0 0 1 1 0 1 1 
1 1 0 0 0 0 1 0 0 0 0 0 0 0 1 0 0 0 1 0 0 0 1 1 1 
1 1 1 0 0 1 1 1 0 0 0 1 1 0 0 1 0 0 0 0 0 0 0 1 1 
1 0 1 1 0 0 1 0 0 0 0 0 0 0 1 0 0 1 0 1 1 0 0 0 1 
1 0 1 0 0 1 1 0 0 0 1 1 0 0 0 1 1 0 1 1 0 0 0 1 1 
1 0 0 0 0 0 0 0 0 0 0 0 0 0 0 0 0 0 1 0 0 0 0 0 1 
1 1 0 0 0 0 0 0 0 0 0 1 0 0 1 0 1 1 1 0 0 1 1 0 1 
1 1 1 1 1 1 1 1 1 1 1 1 1 1 1 1 1 1 1 1 1 1 1 1 1 
200 5 15 1 23 20 25
200 12 17 3 17 4 28
200 5 14 2 23 2 32
200 4 15 0 11 7 29
200 22 12 0 6 17 29
6
100 26
1 1 1 1 1 1 1 1 1 1 1 1 1 1 1 1 1 1 1 1 1 1 1 1 1 1 
1 0 1 1 0 0 0 0 0 0 1 0 1 0 1 0 0 0 0 1 0 1 0 1 1 1 
1 0 0 1 1 0 0 0 0 1 0 0 0 0 0 0 0 0 0 1 0 0 0 0 1 1 
1 0 0 0 1 0 0 0 0 0 0 0 0 1 0 0 1 0 0 0 1 0 0 0 1 1 
1 0 1 1 0 0 0 0 1 1 0 0 0 0 0 0 1 1 0 0 1 1 0 0 1 1 
1 0 0 0 0 1 1 0 0 0 0 0 0 0 1 0 0 0 0 0 0 0 0 0 0 1 
1 0 1 1 0 1 1 0 1 0 1 0 0 1 1 0 1 1 0 0 0 1 1 0 0 1 
1 0 1 0 0 1 0 0 1 0 0 0 1 0 0 1 1 0 0 1 0 0 1 1 0 1 
1 0 0 0 0 0 0 1 0 1 0 0 0 1 0 1 0 0 0 1 0 0 0 0 0 1 
1 0 0 0 0 0 0 0 0 0 0 1 1 0 0 0 1 0 1 1 0 0 0 0 1 1 
1 0 0 0 0 0 0 0 1 1 0 0 0 0 1 0 0 0 0 1 1 1 1 0 0 1 
1 0 0 0 0 0 0 0 1 0 0 0 0 0 0 1 0 0 0 0 1 1 0 0 1 1 
1 0 0 1 1 0 0 1 1 0 0 0 1 0 0 0 1 0 1 0 0 1 0 0 1 1 
1 0 0 0 0 1 0 0 0 0 0 0 0 1 1 0 1 0 1 0 1 0 0 0 1 1 
1 0 0 0 0 1 0 0 1 0 0 0 1 0 0 1 1 0 0 0 1 1 0 0 0 1 
1 0 0 0 0 0 1 0 1 0 1 0 0 0 1 0 0 0 0 0 0 0 0 0 0 1 
1 0 0 0 0 0 0 0 0 0 1 1 0 0 0 0 0 1 0 1 0 1 0 1 0 1 
1 0 0 0 0 0 0 1 0 0 0 0 0 1 0 0 0 0 0 1 1 0 0 0 0 1 
1 1 0 0 0 0 0 0 0 1 0 0 0 0 0 0 1 0 1 1 1 0 1 1 1 1 
1 0 0 0 0 1 0 0 0 1 0 0 0 0 0 0 0 0 1 0 1 0 0 0 0 1 
1 0 0 1 1 0 0 0 1 1 0 1 1 0 0 0 0 0 0 0 0 0 0 0 0 1 
1 0 0 0 0 0 0 0 0 0 0 0 0 1 0 0 0 0 0 0 0 0 0 1 0 1 
1 0 1 0 0 0 0 1 1 1 1 0 1 1 0 1 0 0 0 0 1 1 0 0 1 1 
1 1 0 0 0 0 0 0 0 0 0 0 0 0 0 0 0 0 1 1 0 0 0 0 1 1 
1 1 0 0 0 0 0 1 0 1 0 0 0 0 0 0 0 1 0 0 0 0 0 0 1 1 
1 1 1 1 1 1 1 1 1 1 1 1 1 1 1 1 1 1 1 1 1 1 1 1 1 1 
200 18 12 0 6 18 34
200 10 6 3 20 21 29
200 13 6 1 22 11 28
200 20 2 3 4 13 27
200 22 4 2 7 20 41
7
100 27
1 1 1 1 1 1 1 1 1 1 1 1 1 1 1 1 1 1 1 1 1 1 1 1 1 1 1 
1 0 0 1 0 0 0 0 0 0 0 0 0 1 0 0 0 0 0 0 0 0 0 0 0 0 1 
1 0 1 0 0 1 0 0 0 1 1 0 0 0 1 0 1 0 1 0 0 0 0 0 0 1 1 
1 0 0 1 0 1 1 0 0 0 0 1 0 0 1 0 0 0 1 0 0 0 0 0 0 1 1 
1 1 0 1 0 0 0 1 0 0 0 1 0 0 0 0 1 1 0 0 1 1 0 1 0 0 1 
1 1 0 0 1 0 1 1 0 1 0 0 0 0 0 0 0 1 0 0 0 0 0 0 1 0 1 
1 0 0 0 0 1 0 0 0 1 0 1 0 0 0 1 0 0 0 0 0 0 0 1 0 0 1 
1 0 0 0 0 0 1 0 0 0 0 0 1 0 1 1 0 0 1 0 0 0 0 0 1 1 1 
1 0 0 1 1 0 1 0 0 0 1 0 0 1 0 0 0 1 1 0 1 0 0 0 0 1 1 
1 0 0 1 0 0 0 1 1 0 0 0 0 1 0 1 0 0 1 0 0 0 0 0 0 1 1 
1 0 0 0 0 0 0 0 0 1 0 0 0 1 1 0 0 0 0 0 1 0 0 1 0 1 1 
1 0 0 0 1 1 0 0 0 0 0 0 0 0 0 0 1 0 1 0 0 0 0 0 0 0 1 
1 0 0 1 0 0 0 0 1 0 0 0 1 1 1 1 0 0 1 0 0 0 0 0 0 0 1 
1 1 0 0 0 1 1 1 0 1 1 0 0 0 0 1 1 0 1 0 0 0 0 0 1 0 1 
1 1 0 0 1 0 0 0 0 0 0 0 0 1 0 1 0 0 0 0 0 0 1 0 0 0 1 
1 0 0 0 1 0 0 0 0 0 1 0 0 0 0 0 0 1 0 0 0 1 0 0 0 1 1 
1 0 0 0 0 0 0 0 0 1 0 1 0 1 0 1 0 0 0 0 1 0 0 0 0 0 1 
1 1 0 1 0 0 0 1 0 0 0 0 0 1 0 1 0 0 0 0 0 0 0 0 0 0 1 
1 1 0 0 0 1 0 0 0 0 0 0 0 0 0 1 0 0 1 0 1 0 0 0 0 0 1 
1 0 1 0 0 1 0 0 1 1 0 1 0 0 0 0 0 0 1 0 0 1 1 0 1 0 1 
1 0 0 0 0 0 0 0 0 1 1 0 0 1 0 0 1 0 1 0 1 0 0 0 0 0 1 
1 0 0 0 0 1 1 0 1 0 1 0 0 0 0 1 1 0 0 0 0 1 0 0 0 0 1 
1 0 0 0 0 0 0 1 0 0 0 0 0 1 0 1 0 0 0 1 0 1 1 1 0 0 1 
1 0 0 0 0 0 1 0 0 1 1 0 1 0 1 1 0 0 1 1 1 1 1 0 0 0 1 
1 0 1 1 1 1 0 1 1 0 1 0 0 0 0 0 0 0 0 0 0 0 0 1 1 0 1 
1 0 0 0 0 1 0 0 0 0 0 0 0 1 0 0 1 0 0 0 0 0 0 0 1 0 1 
1 1 1 1 1 1 1 1 1 1 1 1 1 1 1 1 1 1 1 1 1 1 1 1 1 1 1 
200 6 3 3 10 17 52
200 14 20 1 11 1 32
200 16 5 2 3 23 37
200 22 24 0 14 2 34
200 24 12 2 22 2 36
200 17 16 1 11 17 27
7
100 28
1 1 1 1 1 1 1 1 1 1 1 1 1 1 1 1 1 1 1 1 1 1 1 1 1 1 1 1 
1 1 0 0 1 0 0 1 0 0 0 0 0 0 0 0 0 0 1 0 0 0 0 0 0 0 0 1 
1 0 1 0 0 0 1 0 1 0 0 1 0 0 0 0 0 1 1 0 0 0 0 0 0 0 0 1 
1 0 1 0 0 0 0 0 0 0 0 0 0 0 0 0 0 0 1 0 0 0 1 1 1 0 0 1 
1 0 0 0 0 0 1 0 0 0 0 0 0 1 0 0 1 0 1 0 0 0 0 0 0 0 0 1 
1 0 0 1 0 0 0 0 1 0 0 0 0 1 0 1 1 0 0 1 0 0 0 1 1 1 1 1 
1 0 1 0 0 0 0 0 0 0 0 0 1 0 0 0 0 1 0 1 0 0 0 1 1 0 1 1 
1 0 1 0 0 0 1 0 0 0 1 0 1 1 0 0 0 0 0 0 0 1 1 0 0 0 0 1 
1 0 1 1 0 0 0 0 1 1 0 0 0 0 1 0 0 1 0 0 0 0 0 0 0 0 0 1 
1 0 1 0 0 1 0 0 0 1 0 0 1 0 1 0 0 0 0 0 0 1 0 1 0 0 0 1 
1 0 0 0 1 1 0 0 0 0 0 0 0 1 0 1 0 0 1 0 0 0 0 1 0 1 0 1 
1 0 0 0 0 0 0 0 1 0 0 1 0 1 0 0 0 1 0 1 0 1 0 0 1 0 0 1 
1 1 1 0 1 0 0 1 0 0 0 1 0 0 0 0 0 0 0 0 0 0 0 0 0 1 0 1 
1 0 1 0 0 1 0 1 0 0 1 0 1 0 0 1 0 1 0 0 0 1 1 0 1 0 0 1 
1 0 0 0 0 0 0 1 0 0 0 0 0 0 1 0 0 1 0 0 0 0 0 0 0 0 0 1 
1 1 0 1 1 0 1 0 0 0 1 0 1 0 0 0 0 0 1 1 0 0 1 0 1 0 1 1 
1 0 0 1 0 0 0 1 0 0 0 0 0 1 0 0 0 0 1 0 1 1 1 0 0 0 1 1 
1 1 0 1 0 0 0 0 1 0 1 0 1 0 1 1 0 0 0 0 0 0 0 1 1 0 0 1 
1 0 0 1 0 0 1 0 0 0 0 1 0 0 0 1 1 1 0 1 1 0 0 0 0 1 0 1 
1 0 1 1 1 0 0 0 0 0 1 1 0 0 0 0 0 0 0 0 0 0 1 0 1 0 0 1 
1 0 1 1 0 1 0 0 0 1 1 0 0 0 0 0 1 0 0 1 1 0 0 0 1 0 0 1 
1 0 1 1 0 1 0 1 0 0 0 0 0 0 0 0 1 0 0 1 0 0 0 0 0 1 0 1 
1 0 0 0 0 0 0 1 0 0 0 0 0 0 0 0 1 1 1 1 0 1 0 0 0 0 0 1 
1 0 0 0 1 0 0 0 0 0 0 1 0 0 1 1 0 1 0 0 0 1 0 0 0 1 0 1 
1 0 1 0 0 0 0 0 0 0 0 0 0 1 0 0 0 0 1 1 0 1 1 0 0 0 1 1 
1 0 0 0 0 0 0 0 0 1 0 1 0 0 0 0 0 0 1 1 0 0 0 0 0 0 0 1 
1 0 0 1 0 0 0 0 0 0 0 0 0 0 0 0 0 0 0 0 1 1 1 0 0 0 0 1 
1 1 1 1 1 1 1 1 1 1 1 1 1 1 1 1 1 1 1 1 1 1 1 1 1 1 1 1 
200 25 5 1 22 26 30
200 24 3 2 1 13 37
200 25 7 0 2 3 31
200 23 6 2 14 19 28
200 19 14 0 4 15 38
200 23 5 0 14 19 29
7
100 29
1 1 1 1 1 1 1 1 1 1 1 1 1 1 1 1 1 1 1 1 1 1 1 1 1 1 1 1 1 
1 0 0 1 1 1 0 0 0 0 0 0 0 1 0 0 0 0 0 0 0 1 1 0 0 1 0 0 1 
1 0 0 0 1 0 0 0 0 0 0 1 0 0 0 1 1 0 1 0 0 1 0 1 0 0 0 1 1 
1 1 0 0 0 0 1 0 0 0 0 0 1 0 0 0 0 0 0 0 0 0 0 0 0 0 0 0 1 
1 0 0 1 0 0 0 0 0 0 0 1 0 0 1 0 0 0 0 1 0 0 1 0 1 0 0 0 1 
1 1 0 0 0 0 0 0 0 1 0 0 1 0 1 0 0 0 0 1 1 0 0 0 0 1 0 0 1 
1 0 0 0 0 1 0 0 0 0 0 0 0 0 1 0 0 0 0 0 0 0 0 0 0 0 1 0 1 
1 0 0 0 0 0 0 1 0 0 0 0 1 0 0 0 1 1 0 0 1 0 0 1 0 1 1 0 1 
1 1 0 1 0 1 0 0 0 1 1 0 0 0 0 0 0 0 0 0 0 1 0 0 0 0 1 0 1 
1 0 0 0 0 1 0 1 0 0 0 0 0 0 1 0 1 1 0 0 0 1 0 0 1 0 1 0 1 
1 1 0 0 0 0 1 0 0 1 0 1 0 1 0 1 1 1 1 0 0 0 0 0 0 1 0 1 1 
1 1 0 0 1 1 0 0 0 1 0 0 1 0 0 0 0 0 0 0 0 0 1 0 1 1 0 0 1 
1 0 0 0 0 1 1 0 0 0 0 0 0 0 0 1 1 1 0 0 0 0 0 0 0 0 0 0 1 
1 0 1 0 1 0 0 0 0 0 0 0 1 0 0 0 1 0 0 1 0 0 0 0 1 0 1 0 1 
1 0 0 0 0 0 1 0 0 1 1 0 1 0 0 1 0 0 0 0 0 0 1 0 0 0 0 0 1 
1 0 0 1 0 0 0 0 0 1 1 0 1 0 0 1 0 0 0 1 0 1 1 0 0 0 1 0 1 
1 0 1 1 1 1 1 0 0 0 0 0 0 0 0 0 1 0 0 0 0 0 0 0 0 0 0 0 1 
1 0 0 0 0 1 0 0 0 0 0 1 0 0 0 0 0 0 1 1 1 0 0 1 0 0 0 0 1 
1 0 1 0 0 0 1 1 1 1 0 1 0 1 1 0 0 1 1 0 0 1 0 1 0 0 0 0 1 
1 0 0 0 1 0 1 1 0 0 0 0 0 0 1 0 0 1 0 0 0 0 0 0 0 0 1 0 1 
1 0 0 0 0 0 0 0 0 0 0 0 0 0 0 1 1 0 0 1 0 1 1 1 0 1 0 0 1 
1 0 1 0 0 1 0 0 0 0 1 0 0 0 0 0 1 1 0 0 0 1 0 0 0 0 0 1 1 
1 0 1 0 0 1 0 0 0 0 0 1 0 0 0 0 0 0 0 0 0 1 0 0 1 0 0 0 1 
1 0 0 1 0 0 0 0 0 1 0 0 1 1 0 0 1 0 0 1 1 0 1 1 0 0 1 0 1 
1 1 1 0 0 0 0 1 0 1 0 0 0 0 1 1 0 1 0 1 0 0 1 0 0 0 0 1 1 
1 0 0 0 0 1 0 0 1 0 1 0 0 0 1 1 0 0 0 0 0 0 0 0 0 0 1 1 1 
1 0 0 0 0 0 0 0 0 0 0 0 1 0 0 0 1 0 0 0 0 0 0 0 0 0 0 0 1 
1 1 0 0 0 0 0 1 0 0 0 0 0 0 1 1 0 0 0 0 1 0 1 0 1 0 0 0 1 
1 1 1 1 1 1 1 1 1 1 1 1 1 1 1 1 1 1 1 1 1 1 1 1 1 1 1 1 1 
200 12 25 3 10 4 33
200 6 20 1 23 7 34
200 8 18 1 22 4 34
200 26 9 3 13 27 41
200 4 9 0 22 4 29
200 25 24 2 15 25 45
7
100 30
1 1 1 1 1 1 1 1 1 1 1 1 1 1 1 1 1 1 1 1 1 1 1 1 1 1 1 1 1 1 
1 1 0 1 1 0 1 0 0 0 0 0 0 0 1 0 0 1 0 0 0 0 1 1 0 0 0 0 0 1 
1 0 0 1 0 0 1 0 0 0 0 0 0 0 0 0 0 1 1 0 0 1 0 1 1 0 0 0 1 1 
1 0 0 0 0 0 1 0 1 1 0 0 0 0 0 0 1 0 0 1 0 0 0 0 1 0 0 0 0 1 
1 0 0 1 1 0 1 0 1 0 0 0 0 1 0 0 0 0 0 1 0 0 0 1 1 1 0 1 1 1 
1 1 1 0 1 0 1 0 0 0 0 0 0 0 1 0 0 0 0 0 0 0 0 1 0 0 0 0 1 1 
1 0 1 0 0 0 0 1 1 0 0 1 0 0 0 1 0 1 0 1 0 0 0 0 0 0 0 0 1 1 
1 0 1 0 0 0 0 0 1 0 1 1 0 1 0 0 1 0 0 1 0 0 0 1 0 1 0 0 0 1 
1 0 1 0 1 0 0 0 0 0 1 0 1 0 1 0 0 1 1 0 0 1 1 0 0 1 0 1 0 1 
1 0 0 0 1 0 1 0 0 0 0 0 0 0 0 0 1 0 1 0 0 0 0 1 0 0 0 0 0 1 
1 0 1 0 0 0 0 0 0 1 1 0 0 0 0 0 0 0 0 0 0 0 1 1 0 1 1 1 0 1 
1 0 1 0 1 0 0 0 1 0 0 0 1 0 0 0 1 0 0 1 0 0 1 0 0 0 0 0 0 1 
1 1 0 0 1 0 1 1 0 0 0 0 0 0 0 0 1 1 1 1 1 0 0 0 0 1 0 0 1 1 
1 0 0 1 1 1 1 0 0 0 0 0 0 0 0 0 0 0 1 0 0 0 0 1 0 0 0 0 0 1 
1 0 0 0 0 0 0 1 0 0 0 1 0 0 0 0 1 0 1 0 0 0 0 0 0 0 1 1 0 1 
1 0 0 0 0 0 1 1 1 0 0 0 1 0 1 0 0 0 0 1 0 1 0 0 1 0 0 0 0 1 
1 1 1 1 0 0 1 1 0 0 0 1 0 0 0 0 0 0 0 0 0 0 0 0 0 0 0 0 0 1 
1 1 0 0 1 0 1 0 0 0 0 0 0 0 0 1 1 1 0 0 0 0 0 0 1 1 1 0 1 1 
1 0 0 0 0 0 1 1 1 0 1 0 1 0 0 0 0 0 0 0 0 0 0 0 0 0 0 0 0 1 
1 0 1 1 0 1 0 0 0 0 0 0 1 0 0 0 0 1 1 0 1 0 0 0 0 0 1 0 1 1 
1 1 0 0 1 1 0 1 1 1 1 1 0 0 0 0 0 0 0 0 0 0 0 1 1 0 0 0 0 1 
1 0 0 0 0 0 0 0 0 1 0 0 0 1 0 0 0 0 0 0 0 0 0 0 0 0 0 0 0 1 
1 1 1 0 1 0 0 1 0 0 0 1 0 1 0 1 0 1 0 1 0 0 0 0 0 0 0 0 0 1 
1 0 1 0 0 1 0 1 1 0 0 0 1 0 0 0 1 0 0 0 0 0 0 0 0 0 0 0 1 1 
1 0 0 1 0 0 0 0 0 0 0 0 0 1 1 1 1 0 1 0 0 0 0 0 0 0 0 0 0 1 
1 0 0 0 0 0 0 0 0 0 0 1 0 0 0 1 1 0 0 0 1 0 0 0 0 0 0 0 0 1 
1 1 0 0 1 1 0 1 0 1 1 0 0 1 0 0 0 0 1 0 1 0 1 0 0 0 0 0 1 1 
1 0 0 1 0 0 0 0 0 0 0 0 0 0 0 0 0 0 0 0 0 0 1 0 0 1 0 0 0 1 
1 1 1 0 0 0 1 0 0 0 0 1 0 0 1 0 0 0 0 0 1 0 0 1 0 0 0 0 0 1 
1 1 1 1 1 1 1 1 1 1 1 1 1 1 1 1 1 1 1 1 1 1 1 1 1 1 1 1 1 1 
200 25 24 2 10 6 35
200 25 13 1 8 5 45
200 23 6 2 11 26 40
200 25 26 3 7 9 37
200 24 11 1 9 26 48
200 24 9 0 4 26 45
